((("DISTRO_DIR" .
   [0 0 1 0 0 0 0 0 0 0])
  ("dir" .
   [1 0 0])
  ("distro" .
   [1 0 0 0 0 0])
  ("tiny_mce" .
   [0 0 0 0 0 1 0 0])
  ("dev" .
   [3 0 0])
  ("DEV_DIR" .
   [0 0 1 2 0 0 0])
  ("puts" .
   [3 0 0 0])
  ("yas/global-mode" .
   [0 0 0 0 0 0 0 1 0 0 0 0 0 0 0])
  ("y" .
   [1])
  ("javascript-mode-hook" .
   [0 0 0 0 2 0 0 0 0 0 0 0 0 0 0 0 0 0 0 0])
  ("require" .
   [1 0 0 0 0 0 0])
  ("defun" .
   [1 0 0 0 0])
  ("emacs" .
   [1 0 0 0 0])
  ("in" .
   [4 0])
  ("javascript-mode" .
   [1 0 0 0 0 0 0 0 0 0 0 0 0 0 1])
  ("mode" .
   [1 0 0 0])
  ("javascript" .
   [1 0 0 0 0 0 0 0 0 0])
  ("this" .
   [1 0 0 0])
  ("assertEqual" .
   [1 0 0 0 0 0 0 0 0 0 0])
  ("assertTrue" .
   [1 0 0 0 0 0 0 0 0 0])
  ("vals" .
   [1 0 0 0])
  ("insert" .
   [2 0 0 0 0 0])
  ("class" .
   [1 0 1 0 0])
  ("div" .
   [25 0 0])
  ("Element" .
   [0 0 1 0 0 0 0])
  ("new" .
   [1 0 0])
  ("var" .
   [1 0 0])
  ("expando" .
   [4 0 0 0 0 0 0])
  ("$$" .
   [1 0])
  ("options" .
   [2 0 0 0 0 0 0])
  ("log" .
   [2 0 0])
  ("console" .
   [2 0 0 0 0 0 0])
  ("js" .
   [3 0])
  ("blockquote" .
   [6 0 0 0 0 0 0 0 0 0])
  ("last" .
   [3 0 0 0])
  ("margin-bottom" .
   [1 0 0 0 0 0 0 0 0 0 0 0 0])
  ("kill" .
   [1 0 0 0])
  ("bottom" .
   [3 0 0 0 0 0])
  ("margin" .
   [5 0 0 0 0 0])
  ("of" .
   [1 0])
  ("that" .
   [1 0 0 0])
  ("color" .
   [2 0 0 0 0])
  ("red" .
   [1 0 0])
  ("margin-top" .
   [1 0 0 0 0 0 0 0 0 0])
  ("22px" .
   [1 0 0 0])
  ("work" .
   [2 0 0 0])
  ("IE6" .
   [2 0 0])
  ("but" .
   [2 0 0])
  ("it" .
   [3 0])
  ("top" .
   [3 0 0])
  ("to" .
   [4 0])
  ("inside" .
   [1 0 0 0 0 0])
  ("as" .
   [1 0])
  ("padding" .
   [1 0 0 0 0 0 0])
  ("move" .
   [1 0 0 0])
  ("not" .
   [2 0 0])
  ("is" .
   [1 0])))
